[

[[(404, -588, -901), set()],
  [(528, -643, 409), set()],
  [(-838, 591, 734), set()],
  [(390, -675, -793), set()],
  [(-537, -823, -458), set()],
  [(-485, -357, 347), set()],
  [(-345, -311, 381), set()],
  [(-661, -816, -575), set()],
  [(-876, 649, 763), set()],
  [(-618, -824, -621), set()],
  [(553, 345, -567), set()],
  [(474, 580, 667), set()],
  [(-447, -329, 318), set()],
  [(-584, 868, -557), set()],
  [(544, -627, -890), set()],
  [(564, 392, -477), set()],
  [(455, 729, 728), set()],
  [(-892, 524, 684), set()],
  [(-689, 845, -530), set()],
  [(423, -701, 434), set()],
  [(7, -33, -71), set()],
  [(630, 319, -379), set()],
  [(443, 580, 662), set()],
  [(-789, 900, -551), set()],
  [(459, -707, 401), set()]],



 [[(686, 422, 578), set()],
  [(605, 423, 415), set()],
  [(515, 917, -361), set()],
  [(-336, 658, 858), set()],
  [(95, 138, 22), set()],
  [(-476, 619, 847), set()],
  [(-340, -569, -846), set()],
  [(567, -361, 727), set()],
  [(-460, 603, -452), set()],
  [(669, -402, 600), set()],
  [(729, 430, 532), set()],
  [(-500, -761, 534), set()],
  [(-322, 571, 750), set()],
  [(-466, -666, -811), set()],
  [(-429, -592, 574), set()],
  [(-355, 545, -477), set()],
  [(703, -491, -529), set()],
  [(-328, -685, 520), set()],
  [(413, 935, -424), set()],
  [(-391, 539, -444), set()],
  [(586, -435, 557), set()],
  [(-364, -763, -893), set()],
  [(807, -499, -711), set()],
  [(755, -354, -619), set()],
  [(553, 889, -390), set()]],
 [[(649, 640, 665), set()],
  [(682, -795, 504), set()],
  [(-784, 533, -524), set()],
  [(-644, 584, -595), set()],
  [(-588, -843, 648), set()],
  [(-30, 6, 44), set()],
  [(-674, 560, 763), set()],
  [(500, 723, -460), set()],
  [(609, 671, -379), set()],
  [(-555, -800, 653), set()],
  [(-675, -892, -343), set()],
  [(697, -426, -610), set()],
  [(578, 704, 681), set()],
  [(493, 664, -388), set()],
  [(-671, -858, 530), set()],
  [(-667, 343, 800), set()],
  [(571, -461, -707), set()],
  [(-138, -166, 112), set()],
  [(-889, 563, -600), set()],
  [(646, -828, 498), set()],
  [(640, 759, 510), set()],
  [(-630, 509, 768), set()],
  [(-681, -892, -333), set()],
  [(673, -379, -804), set()],
  [(-742, -814, -386), set()],
  [(577, -820, 562), set()]],
 [[(-589, 542, 597), set()],
  [(605, -692, 669), set()],
  [(-500, 565, -823), set()],
  [(-660, 373, 557), set()],
  [(-458, -679, -417), set()],
  [(-488, 449, 543), set()],
  [(-626, 468, -788), set()],
  [(338, -750, -386), set()],
  [(528, -832, -391), set()],
  [(562, -778, 733), set()],
  [(-938, -730, 414), set()],
  [(543, 643, -506), set()],
  [(-524, 371, -870), set()],
  [(407, 773, 750), set()],
  [(-104, 29, 83), set()],
  [(378, -903, -323), set()],
  [(-778, -728, 485), set()],
  [(426, 699, 580), set()],
  [(-438, -605, -362), set()],
  [(-469, -447, -387), set()],
  [(509, 732, 623), set()],
  [(647, 635, -688), set()],
  [(-868, -804, 481), set()],
  [(614, -800, 639), set()],
  [(595, 780, -596), set()]],
 [[(727, 592, 562), set()],
  [(-293, -554, 779), set()],
  [(441, 611, -461), set()],
  [(-714, 465, -776), set()],
  [(-743, 427, -804), set()],
  [(-660, -479, -426), set()],
  [(832, -632, 460), set()],
  [(927, -485, -438), set()],
  [(408, 393, -506), set()],
  [(466, 436, -512), set()],
  [(110, 16, 151), set()],
  [(-258, -428, 682), set()],
  [(-393, 719, 612), set()],
  [(-211, -452, 876), set()],
  [(808, -476, -593), set()],
  [(-575, 615, 604), set()],
  [(-485, 667, 467), set()],
  [(-680, 325, -822), set()],
  [(-627, -443, -432), set()],
  [(872, -547, -609), set()],
  [(833, 512, 582), set()],
  [(807, 604, 487), set()],
  [(839, -516, 451), set()],
  [(891, -625, 532), set()],
  [(-652, -548, -490), set()],
  [(30, -46, -14), set()]]]
